180980
167532
94913
154315
111995
159719
109865
116449
109232
127706
69674
111848
133501
115442
95240
143066
107999
143009
148616
108240
145154
178702
149248
70605
138355
239779
72077
95922
106858
126585
107625
112788
196898
134088
91471
91134
128335
91605
114082
75072
184368
146637
98440
69310
186091
124231
166705
110100
152672
115052
243960
166734
169876
104780
146100
187767
114909
72505
158915
174178
69539
205847
187640
130173
97302
177655
150013
116576
120402
73889
93937
85067
122057
169363
90067
96244
169827
111519
185558
109051
117545
144831
73427
237231
133393
94694
121567
202583
247443
229777
190828
132007
216280
185381
228262
94452
174978
231072
72385
95279
